
                                  Coefficients for IIR Low Pass Filter: 
b= [2.79220136016068e-06, 1.39610068008034e-05, 2.79220136016068e-05, 2.79220136016068e-05, 1.39610068008034e-05,	2.79220136016068e-06]
a= [1, -4.47267943483745, 8.02708538984154, -7.22388627710097, 3.25922742572155, -0.589657753181134]

                                     Coefficients for IIR High Pass Filter: 
a = [1, -3.78927637782901, 5.85817458087140, -4.60057367731681, 1.83069557793160, -0.294763595264789]
b = [0.542921369037925, -2.71460684518963, 5.42921369037925, -5.42921369037925, 2.71460684518963, -0.542921369037925]
